88.0746	88.2937	88.4966	88.6829	88.8524	89.0047	89.1397	89.257	89.3565	89.4382	89.5018	89.5472	89.5746	89.5837	89.5746	89.5472	89.5018	89.4382	89.3565	89.257	89.1397	89.0047	88.8524	88.6829	88.4966	88.2937	88.0746
88.319	88.5403	88.7452	88.9333	89.1043	89.258	89.3941	89.5124	89.6127	89.695	89.7591	89.805	89.8325	89.8417	89.8325	89.805	89.7591	89.695	89.6127	89.5124	89.3941	89.258	89.1043	88.9333	88.7452	88.5403	88.319
88.5479	88.7713	88.978	89.1677	89.3401	89.495	89.6322	89.7514	89.8525	89.9354	90	90.0462	90.0739	90.0831	90.0739	90.0462	90	89.9354	89.8525	89.7514	89.6322	89.495	89.3401	89.1677	88.978	88.7713	88.5479
88.761	88.9861	89.1945	89.3857	89.5594	89.7154	89.8535	89.9736	90.0754	90.1588	90.2238	90.2703	90.2982	90.3075	90.2982	90.2703	90.2238	90.1588	90.0754	89.9736	89.8535	89.7154	89.5594	89.3857	89.1945	88.9861	88.761
88.9576	89.1844	89.3942	89.5867	89.7616	89.9187	90.0577	90.1785	90.2809	90.3648	90.4302	90.477	90.5051	90.5144	90.5051	90.477	90.4302	90.3648	90.2809	90.1785	90.0577	89.9187	89.7616	89.5867	89.3942	89.1844	88.9576
89.1373	89.3656	89.5768	89.7705	89.9465	90.1045	90.2443	90.3657	90.4687	90.5531	90.6189	90.6659	90.6941	90.7035	90.6941	90.6659	90.6189	90.5531	90.4687	90.3657	90.2443	90.1045	89.9465	89.7705	89.5768	89.3656	89.1373
89.2997	89.5294	89.7418	89.9366	90.1136	90.2724	90.4129	90.535	90.6386	90.7234	90.7895	90.8367	90.865	90.8745	90.865	90.8367	90.7895	90.7234	90.6386	90.535	90.4129	90.2724	90.1136	89.9366	89.7418	89.5294	89.2997
89.4444	89.6754	89.889	90.0848	90.2626	90.4222	90.5634	90.6861	90.7901	90.8753	90.9416	90.9891	91.0176	91.0271	91.0176	90.9891	90.9416	90.8753	90.7901	90.6861	90.5634	90.4222	90.2626	90.0848	89.889	89.6754	89.4444
89.5712	89.8034	90.0179	90.2146	90.3932	90.5536	90.6954	90.8186	90.923	91.0086	91.0752	91.1228	91.1514	91.161	91.1514	91.1228	91.0752	91.0086	90.923	90.8186	90.6954	90.5536	90.3932	90.2146	90.0179	89.8034	89.5712
89.6798	89.9129	90.1284	90.3259	90.5053	90.6662	90.8086	90.9323	91.0371	91.123	91.1899	91.2377	91.2664	91.276	91.2664	91.2377	91.1899	91.123	91.0371	90.9323	90.8086	90.6662	90.5053	90.3259	90.1284	89.9129	89.6798
89.7698	90.0039	90.2202	90.4185	90.5985	90.76	90.9029	91.027	91.1322	91.2183	91.2854	91.3334	91.3622	91.3718	91.3622	91.3334	91.2854	91.2183	91.1322	91.027	90.9029	90.76	90.5985	90.4185	90.2202	90.0039	89.7698
89.8411	90.076	90.293	90.492	90.6726	90.8346	90.978	91.1024	91.208	91.2944	91.3617	91.4099	91.4388	91.4484	91.4388	91.4099	91.3617	91.2944	91.208	91.1024	90.978	90.8346	90.6726	90.492	90.293	90.076	89.8411
89.8935	90.129	90.3467	90.5463	90.7274	90.8899	91.0337	91.1585	91.2644	91.3511	91.4186	91.4668	91.4958	91.5055	91.4958	91.4668	91.4186	91.3511	91.2644	91.1585	91.0337	90.8899	90.7274	90.5463	90.3467	90.129	89.8935
89.9267	90.1629	90.3812	90.5812	90.7628	90.9258	91.0699	91.1951	91.3012	91.3881	91.4558	91.5041	91.5332	91.5429	91.5332	91.5041	91.4558	91.3881	91.3012	91.1951	91.0699	90.9258	90.7628	90.5812	90.3812	90.1629	89.9267
89.9406	90.1773	90.3961	90.5966	90.7787	90.942	91.0864	91.2119	91.3182	91.4053	91.4732	91.5217	91.5508	91.5605	91.5508	91.5217	91.4732	91.4053	91.3182	91.2119	91.0864	90.942	90.7787	90.5966	90.3961	90.1773	89.9406
89.935	90.1723	90.3915	90.5924	90.7748	90.9384	91.0832	91.2089	91.3154	91.4027	91.4707	91.5192	91.5484	91.5581	91.5484	91.5192	91.4707	91.4027	91.3154	91.2089	91.0832	90.9384	90.7748	90.5924	90.3915	90.1723	89.935
89.9099	90.1475	90.3671	90.5684	90.751	90.915	91.06	91.1859	91.2926	91.38	91.4481	91.4968	91.526	91.5357	91.526	91.4968	91.4481	91.38	91.2926	91.1859	91.06	90.915	90.751	90.5684	90.3671	90.1475	89.9099
89.8651	90.1031	90.3229	90.5244	90.7074	90.8715	91.0167	91.1428	91.2497	91.3372	91.4054	91.4542	91.4834	91.4932	91.4834	91.4542	91.4054	91.3372	91.2497	91.1428	91.0167	90.8715	90.7074	90.5244	90.3229	90.1031	89.8651
89.8006	90.0388	90.2588	90.4605	90.6436	90.808	90.9533	91.0796	91.1866	91.2742	91.3425	91.3913	91.4206	91.4304	91.4206	91.3913	91.3425	91.2742	91.1866	91.0796	90.9533	90.808	90.6436	90.4605	90.2588	90.0388	89.8006
89.7164	89.9546	90.1747	90.3766	90.5598	90.7243	90.8697	90.9961	91.1032	91.1909	91.2592	91.3081	91.3374	91.3472	91.3374	91.3081	91.2592	91.1909	91.1032	90.9961	90.8697	90.7243	90.5598	90.3766	90.1747	89.9546	89.7164
89.6123	89.8505	90.0707	90.2726	90.4559	90.6204	90.7659	90.8923	90.9994	91.0872	91.1556	91.2045	91.2338	91.2436	91.2338	91.2045	91.1556	91.0872	90.9994	90.8923	90.7659	90.6204	90.4559	90.2726	90.0707	89.8505	89.6123
89.4884	89.7265	89.9466	90.1484	90.3317	90.4962	90.6417	90.7682	90.8753	90.9631	91.0315	91.0804	91.1098	91.1195	91.1098	91.0804	91.0315	90.9631	90.8753	90.7682	90.6417	90.4962	90.3317	90.1484	89.9466	89.7265	89.4884
89.3447	89.5826	89.8025	90.0042	90.1874	90.3518	90.4973	90.6237	90.7308	90.8186	90.887	90.9359	90.9652	90.975	90.9652	90.9359	90.887	90.8186	90.7308	90.6237	90.4973	90.3518	90.1874	90.0042	89.8025	89.5826	89.3447
89.1813	89.4189	89.6385	89.84	90.0229	90.1872	90.3326	90.4589	90.5659	90.6537	90.722	90.7709	90.8002	90.81	90.8002	90.7709	90.722	90.6537	90.5659	90.4589	90.3326	90.1872	90.0229	89.84	89.6385	89.4189	89.1813
88.9984	89.2354	89.4546	89.6557	89.8384	90.0025	90.1476	90.2738	90.3807	90.4684	90.5366	90.5854	90.6148	90.6245	90.6148	90.5854	90.5366	90.4684	90.3807	90.2738	90.1476	90.0025	89.8384	89.6557	89.4546	89.2354	88.9984
88.7961	89.0324	89.251	89.4517	89.6339	89.7976	89.9425	90.0684	90.1752	90.2627	90.3309	90.3796	90.4089	90.4187	90.4089	90.3796	90.3309	90.2627	90.1752	90.0684	89.9425	89.7976	89.6339	89.4517	89.251	89.0324	88.7961
88.5745	88.81	89.0279	89.2279	89.4096	89.5729	89.7174	89.843	89.9495	90.0369	90.1049	90.1535	90.1828	90.1925	90.1828	90.1535	90.1049	90.0369	89.9495	89.843	89.7174	89.5729	89.4096	89.2279	89.0279	88.81	88.5745
88.3341	88.5685	88.7854	88.9846	89.1657	89.3284	89.4725	89.5977	89.7039	89.791	89.8588	89.9073	89.9365	89.9462	89.9365	89.9073	89.8588	89.791	89.7039	89.5977	89.4725	89.3284	89.1657	88.9846	88.7854	88.5685	88.3341
88.0751	88.3081	88.524	88.7222	88.9025	89.0645	89.2079	89.3327	89.4385	89.5253	89.5929	89.6412	89.6702	89.6799	89.6702	89.6412	89.5929	89.5253	89.4385	89.3327	89.2079	89.0645	88.9025	88.7222	88.524	88.3081	88.0751
87.7979	88.0294	88.2439	88.441	88.6202	88.7814	88.9241	89.0483	89.1536	89.24	89.3073	89.3554	89.3843	89.394	89.3843	89.3554	89.3073	89.24	89.1536	89.0483	88.9241	88.7814	88.6202	88.441	88.2439	88.0294	87.7979
87.5031	87.7328	87.9457	88.1414	88.3194	88.4795	88.6214	88.7448	88.8496	88.9355	89.0025	89.0503	89.0791	89.0887	89.0791	89.0503	89.0025	88.9355	88.8496	88.7448	88.6214	88.4795	88.3194	88.1414	87.9457	87.7328	87.5031
87.1914	87.4189	87.6299	87.8239	88.0005	88.1594	88.3003	88.4229	88.5269	88.6123	88.6788	88.7264	88.755	88.7645	88.755	88.7264	88.6788	88.6123	88.5269	88.4229	88.3003	88.1594	88.0005	87.8239	87.6299	87.4189	87.1914
86.8634	87.0883	87.2971	87.4893	87.6642	87.8217	87.9614	88.0829	88.1861	88.2708	88.3369	88.3841	88.4125	88.4219	88.4125	88.3841	88.3369	88.2708	88.1861	88.0829	87.9614	87.8217	87.6642	87.4893	87.2971	87.0883	86.8634
86.52	86.7421	86.9483	87.1382	87.3113	87.4671	87.6053	87.7257	87.8279	87.9119	87.9773	88.0241	88.0523	88.0616	88.0523	88.0241	87.9773	87.9119	87.8279	87.7257	87.6053	87.4671	87.3113	87.1382	86.9483	86.7421	86.52
86.1623	86.381	86.5843	86.7717	86.9425	87.0964	87.233	87.352	87.4531	87.5362	87.6009	87.6472	87.6751	87.6844	87.6751	87.6472	87.6009	87.5362	87.4531	87.352	87.233	87.0964	86.9425	86.7717	86.5843	86.381	86.1623
85.7914	86.0063	86.2063	86.3907	86.559	86.7107	86.8454	86.9629	87.0627	87.1447	87.2086	87.2544	87.2819	87.2911	87.2819	87.2544	87.2086	87.1447	87.0627	86.9629	86.8454	86.7107	86.559	86.3907	86.2063	86.0063	85.7914
85.4087	85.6194	85.8155	85.9966	86.162	86.3112	86.4438	86.5594	86.6577	86.7386	86.8016	86.8468	86.8739	86.8829	86.8739	86.8468	86.8016	86.7386	86.6577	86.5594	86.4438	86.3112	86.162	85.9966	85.8155	85.6194	85.4087
85.0158	85.2216	85.4135	85.5908	85.7529	85.8992	86.0294	86.143	86.2397	86.3191	86.3811	86.4256	86.4523	86.4612	86.4523	86.4256	86.3811	86.3191	86.2397	86.143	86.0294	85.8992	85.7529	85.5908	85.4135	85.2216	85.0158
84.6143	84.8147	85.0018	85.1749	85.3333	85.4765	85.6039	85.7152	85.81	85.8879	85.9488	85.9924	86.0186	86.0274	86.0186	85.9924	85.9488	85.8879	85.81	85.7152	85.6039	85.4765	85.3333	85.1749	85.0018	84.8147	84.6143
84.2062	84.4006	84.5824	84.7508	84.9051	85.0447	85.1691	85.2779	85.3705	85.4467	85.5063	85.549	85.5747	85.5832	85.5747	85.549	85.5063	85.4467	85.3705	85.2779	85.1691	85.0447	84.9051	84.7508	84.5824	84.4006	84.2062
83.7936	83.9814	84.1573	84.3205	84.4703	84.6061	84.7271	84.833	84.9233	84.9976	85.0557	85.0974	85.1225	85.1308	85.1225	85.0974	85.0557	84.9976	84.9233	84.833	84.7271	84.6061	84.4703	84.3205	84.1573	83.9814	83.7936
83.3789	83.5594	83.7289	83.8865	84.0313	84.1627	84.2801	84.3829	84.4706	84.5428	84.5994	84.6399	84.6643	84.6724	84.6643	84.6399	84.5994	84.5428	84.4706	84.3829	84.2801	84.1627	84.0313	83.8865	83.7289	83.5594	83.3789
82.9645	83.1372	83.2998	83.4512	83.5906	83.7174	83.8307	83.9301	84.0149	84.0849	84.1397	84.1791	84.2027	84.2106	84.2027	84.1791	84.1397	84.0849	84.0149	83.9301	83.8307	83.7174	83.5906	83.4512	83.2998	83.1372	82.9645
82.553	82.7173	82.8725	83.0173	83.151	83.2727	83.3817	83.4774	83.5592	83.6268	83.6797	83.7177	83.7406	83.7482	83.7406	83.7177	83.6797	83.6268	83.5592	83.4774	83.3817	83.2727	83.151	83.0173	82.8725	82.7173	82.553
82.1471	82.3026	82.4499	82.5877	82.7152	82.8316	82.936	83.0278	83.1064	83.1714	83.2223	83.2589	83.281	83.2883	83.281	83.2589	83.2223	83.1714	83.1064	83.0278	82.936	82.8316	82.7152	82.5877	82.4499	82.3026	82.1471
81.7496	81.8959	82.0349	82.1654	82.2865	82.3973	82.4968	82.5846	82.6598	82.722	82.7709	82.806	82.8272	82.8342	82.8272	82.806	82.7709	82.722	82.6598	82.5846	82.4968	82.3973	82.2865	82.1654	82.0349	81.8959	81.7496
81.3632	81.5	81.6305	81.7535	81.8679	81.9729	82.0675	82.151	82.2227	82.2821	82.3288	82.3624	82.3827	82.3894	82.3827	82.3624	82.3288	82.2821	82.2227	82.151	82.0675	81.9729	81.8679	81.7535	81.6305	81.5	81.3632
80.9906	81.1177	81.2396	81.3549	81.4626	81.5617	81.6512	81.7305	81.7986	81.8552	81.8997	81.9318	81.9511	81.9576	81.9511	81.9318	81.8997	81.8552	81.7986	81.7305	81.6512	81.5617	81.4626	81.3549	81.2396	81.1177	80.9906
80.6342	80.7517	80.865	80.9727	81.0737	81.1669	81.2514	81.3264	81.391	81.4448	81.4871	81.5176	81.536	81.5422	81.536	81.5176	81.4871	81.4448	81.391	81.3264	81.2514	81.1669	81.0737	80.9727	80.865	80.7517	80.6342
80.2962	80.4044	80.5092	80.6095	80.704	80.7915	80.8711	80.9419	81.0032	81.0542	81.0944	81.1234	81.1409	81.1468	81.1409	81.1234	81.0944	81.0542	81.0032	80.9419	80.8711	80.7915	80.704	80.6095	80.5092	80.4044	80.2962
79.9787	80.0779	80.1747	80.2679	80.3562	80.4383	80.5133	80.5802	80.6382	80.6866	80.7249	80.7525	80.7692	80.7748	80.7692	80.7525	80.7249	80.6866	80.6382	80.5802	80.5133	80.4383	80.3562	80.2679	80.1747	80.0779	79.9787
79.683	79.7739	79.8634	79.95	80.0326	80.1098	80.1806	80.2439	80.299	80.3451	80.3815	80.4079	80.4239	80.4292	80.4239	80.4079	80.3815	80.3451	80.299	80.2439	80.1806	80.1098	80.0326	79.95	79.8634	79.7739	79.683
79.4105	79.4939	79.5767	79.6576	79.7351	79.808	79.8751	79.9353	79.9879	80.0319	80.0669	80.0922	80.1075	80.1126	80.1075	80.0922	80.0669	80.0319	79.9879	79.9353	79.8751	79.808	79.7351	79.6576	79.5767	79.4939	79.4105
79.1618	79.2387	79.3159	79.3919	79.4652	79.5344	79.5985	79.6563	79.7068	79.7492	79.7829	79.8074	79.8222	79.8272	79.8222	79.8074	79.7829	79.7492	79.7068	79.6563	79.5985	79.5344	79.4652	79.3919	79.3159	79.2387	79.1618
78.9372	79.0089	79.0816	79.1537	79.2237	79.2902	79.3521	79.408	79.457	79.4983	79.5312	79.5551	79.5695	79.5744	79.5695	79.5551	79.5312	79.4983	79.457	79.408	79.3521	79.2902	79.2237	79.1537	79.0816	79.0089	78.9372
78.7366	78.8044	78.8738	78.9433	79.0111	79.0759	79.1364	79.1912	79.2394	79.2801	79.3125	79.3361	79.3504	79.3552	79.3504	79.3361	79.3125	79.2801	79.2394	79.1912	79.1364	79.0759	79.0111	78.9433	78.8738	78.8044	78.7366
78.5592	78.6247	78.6924	78.7605	78.8273	78.8915	78.9515	79.0061	79.0541	79.0948	79.1272	79.1508	79.1651	79.1699	79.1651	79.1508	79.1272	79.0948	79.0541	79.0061	78.9515	78.8915	78.8273	78.7605	78.6924	78.6247	78.5592
78.4044	78.4691	78.5365	78.6046	78.6717	78.7363	78.7969	78.8521	78.9008	78.942	78.9748	78.9988	79.0133	79.0182	79.0133	78.9988	78.9748	78.942	78.9008	78.8521	78.7969	78.7363	78.6717	78.6046	78.5365	78.4691	78.4044
78.2707	78.3364	78.405	78.4745	78.5433	78.6095	78.6716	78.7283	78.7783	78.8207	78.8545	78.8791	78.8941	78.8991	78.8941	78.8791	78.8545	78.8207	78.7783	78.7283	78.6716	78.6095	78.5433	78.4745	78.405	78.3364	78.2707
78.1567	78.2251	78.2965	78.3689	78.4405	78.5095	78.5742	78.6333	78.6854	78.7296	78.7648	78.7904	78.806	78.8113	78.806	78.7904	78.7648	78.7296	78.6854	78.6333	78.5742	78.5095	78.4405	78.3689	78.2965	78.2251	78.1567
78.0605	78.1333	78.2091	78.2859	78.3617	78.4346	78.503	78.5653	78.6202	78.6667	78.7038	78.7308	78.7472	78.7527	78.7472	78.7308	78.7038	78.6667	78.6202	78.5653	78.503	78.4346	78.3617	78.2859	78.2091	78.1333	78.0605
